BIL008-202064966 52b22ff88ecc35d75ea10a058861710878bfa7a0d13413705e12688d700899eea7ccc500f8576bc673138caa97c4566f 65111667265876632030 33875930034052778507 61160800339776178453 46525580833639636686 26072704314379418355 99496724570080490415 00170078500435748631 70672195552089571369 34772085560855987132 77326761261284808241 48909014568165068300 02339398980525596744 39586680566134176358 96743694007591029438 36505923116294165933 45418209551920348817 56115023211949368888 12938265612569267991 49784407732195445604 06355242248962666633 
BIL008-202041564 d9ddcf1049d68e5351ffeed3af1ca8f524a0592875c6527e861a5ffa491e15a71f3bf8cf8d218e280f6f542352868a29 10557300726273251807 35911876615390711164 70779978280182472851 54112857697682202946 55387774698527936144 05668066130265765951 09938354498801444736 94606997316302534192 07384652148339112749 08143247371410460280 07818908729358092321 80994631202569218503 91385624420932254372 42321836128235877536 18360731368546354208 40434142076436433372 55801209370584134420 59577487815445217674 45090428226216907281 34946973527354232178 
BIL008-202067220 b8049434dbf074152575fbaf1a84574fe715b76a74ec8591a6359126a4668db138772d0c0deef6420df6158ad77fb926 24730027485048091479 27072527717043193628 84259936055191495680 52900853155853984658 60630764455569940490 40566217767199485661 92352151649137490443 17714338691522142950 35174507133735214802 25187945425827897525 56092853247737714625 86289451462972046699 99250550034110812567 37506489816696171742 46829793432132753269 90486015556188766528 36652116130489663971 40410483578252288758 75736331444352731356 17021906898085074461 
BIL008-202047366 c5b23e469bfaeeac901d4178cbc16aa888b92c9b8eeed4c4885ee1387fc23ad7ce08a59033bf8a99add6e2a22685e946 19218047047199595963 85219471579168715808 19834012575529833557 34637770894258976701 23015747607091459858 79137545897033432108 94454031207627375938 67336178554723726824 01255103113207847252 96571252499597908409 06297839393890032175 78518173278012045367 91246483597970349226 60505331532521508758 73777603950804507310 13962628125784349645 72127960001243683820 29739758859123317572 37379536060945011800 66854769915656895098 
BIL008-202078798 148b2728c802b4bb8d55af95729fa460afc857292232e4e1fdde95935d7924d23eb8a9f6bb86b5ba58ed8897bd21829f 92848559178577946500 78104523647726817415 04716872641339908763 85855215579014635647 01425663541936081223 61239022880459023186 16471975625406346380 20281254495790555525 93407711135970954767 05431479406538584391 70748073318007567867 27118131551763264890 46024747362827215088 89539972177731762178 66258963056656814990 08685105028664695684 31657527643020793753 98737276896737296968 37517203492375019108 52328751515924131976 
BIL008-202020656 36ab4018f978808532b216e8cd785fb9c0b432dae01599c4e45b8a3ce2a6f8ad4280506a5dfc9da6c8225b538802d7db 41720358035036628269 47730500671761163527 41924861503708940487 91212523819866001103 44402019619578469834 49530598375888047679 67086525545835839604 74429057428752534428 46648035557254497121 82429737696195781897 41488755917922503037 87013199854113534688 10920684787202363079 76222458660452583119 13961487637671866667 68598060938834237270 71030878654752113126 39023966551246174484 43935315590924742765 27337369231502214613 
BIL008-202094398 d0d5b9274c8d91406f1f5b661dd4ffcbc01800e19e94236230c7889a8168b4583c81b32ef24f968eb779813059552739 09153120881610151255 39688541069565028848 91366595946939491481 22183261725472940440 02252772223849608981 62605135139495961232 91993581038644555660 97789843138127294266 64070424152190303197 15032146673741738596 72006107586397925624 04643967873081688511 00105225771651452931 34560783078207608414 96631618997815921401 72457713270374563177 80281681202751290653 38202672987996141459 78826981601858046347 42895165188793507877 
BIL008-202077205 cc77a13cdd154a0f209d20460b069b71d376ab4ac41bd5316423b5de43929c221fab090e28084ae967117bc114efd5dc 05767798119605744732 54028477914492789869 71060178743378217834 82070406310877392976 15482189340577481619 64220251922815940668 12660096859779889338 08449217106125005737 17956123583186906080 91119663872705463478 25823738195617063733 47915458037177341691 08051102131592018872 15534456260010698256 37857624286756439022 42613084659681595863 45422811853790155755 07423753145956424847 20047166646914719848 11414242568228258236 
BIL008-202086771 f367aff879a4cb2b2dacea8b22f4703d6b104e8942b59f2b3ee939af026038c72e987b7647f9f4c4a9ccf40c998bc284 07176788897156951471 85621192192365142170 97434194719181926775 80946939992053007771 62954869952132346732 16317440070312169200 72156488742805160163 11796568502249695515 00450114026591754527 06223586263286983503 15307461434506456468 74408693730797091481 81930130272431453710 93389613068387555347 23788617712101547417 96538383761295924611 01025554697555267225 60873200359068602867 96696542888309277293 76255555903384721104 
BIL008-202017044 cc615b64e4aa28655456b6f6c354a7b3fa99c6c13e42a30a3a7aed8c9a39fd5bf0dd94c300626938f98fd8e6afc64922 57570418827976744261 61504241083173816585 55502769423193124216 09810889227628393896 40977372490841315720 89936382926057136728 33509114113809902917 33606465892463440788 66897669423691552665 33987575428268377705 96626901345759873919 90221560979748086345 50929793577115887484 70470580175113835213 94668821215204440502 29114631912488777495 95565081854360822444 92183401253968615523 23683350900433077360 79704903449988889593 
BIL008-202037339 ad0083500426aeb0785a80296afbc0bb7c6e7f3af6c98b169844ee569ffc8fcd1e5a2b871121cdca9fae04f282562442 15912674173979439561 86046827095297310516 43796499917079847130 85800242589316227500 73956949188729651797 66310739136899850458 45098901727079021904 74590083786722673365 50488593980416410621 39637400932001318386 28919877829076804151 94993565019866189795 11663168524056668499 25849014682204649189 29947156681818866555 77051704415549525103 40583477865748970582 42412016645038871748 04651480951018595107 48877451137273476033 
BIL008-202004349 4649b1e2f09c4e1c77666ea96fc4fef925ef26c2df9709961c99e6e52eec7dd576f52809da6ed44c44e8d32132bcbe5e 49112826835324295836 35761196118801970328 90898238847839519972 10223739240201574705 08205346389549883139 96893123507800133746 39761833055195391874 79835904562002850943 22427420232276168444 85178669579145489288 69028092312270567698 75372616313217011264 94608723371245573325 00482317985718507536 15189657793576185448 62314436701737829887 04453947784971647988 48256919544770901261 52693358131094812169 08252743256567261681 
BIL008-202040223 b4c1a76f2d5b096dfefae95a226abe4ab6151ca7bb90566812314f8313111aca2e19b2ad8b7001cac55fb77537d1f67a 12219088883684155654 40643581297393614049 64043983325473999413 54625455362184399602 12340375173539797490 63512554846519677060 47909238152072411823 16280319192491227010 38317106072796889409 36481701746413350611 27037717413280232740 87873626016787932169 09522201258434133713 36098757974247964693 23477410816941555013 73631988808028148778 49463701860886725015 86830323200827500022 98631596428318091090 41858106486120170206 
BIL008-202081562 4d9ac5bacb54a035bdc7d8f9020c6ca97c2731f4e00af418f21759bd2c485d2b7877e1cae53fc73cbe504daba86c8501 20754628527438417451 08547927278765676258 33089567457256388441 51647407361616234776 92968161803398821873 25212662183703657083 92117574104989254871 04467981275335906570 76231927104011954370 84075649471071100979 12217592790410825658 95784186663169642797 99165507730701629889 79617722411963572858 67707785026258358604 70585499239193890601 19859017401966370715 81453394314343097228 79726774725337196780 72603201612801125790 
BIL008-202007098 645a505a6eae41e23e43b407ae7d5a7fa49ef4923e9597edace82c909aa831c3dc74384664458af40da7b46be09ee461 26498413709524967607 11291000857575177811 89942350307160198907 82802811049069170076 84099854164434480013 68779935299199978225 51915810917887543621 87401493341543342881 64096827280674991652 52702211814843288516 24711134759527831423 99733663643427693459 04307107900039862193 48553597106178010772 88133927616500958707 81074903237259729512 75070839669406416620 21434974252377834441 31820993348853850259 43487062355525746883 
BIL008-202086994 797965a8bf63dfbad5e4732103ab5a1dd8be3e636ef14fe2b56c5a4c73c538a40faa8cda6e41a8adad71b0ff9be24174 39697025132971584532 41554580798526729837 42861508424903157186 39691784281219770899 05956136734096252605 78315984735967031754 72464763039146032529 63305276620026098379 60229102741255534549 59183546808610737020 19198517948061186470 48923597856129812094 04126837022929010093 00408208797415465023 91300752882373277825 55149607858775561590 35687496619123828391 37035461907371406790 46317450775993629543 12135970253753692366 
BIL008-202043627 564d5b21e0f0095d53148b83dcbbd32616bf4af1b021f16b4574344e9ed718bd3bb270d4c9b4c5a229b76fc31ec4d80e 47936102570577928839 14549840334488578072 49328887882035311998 78050149123842041089 58075107300047419856 74438264440986693292 34313764448283191672 09787429511832812182 16033474062845874137 55717281006201290337 77636824465463754699 93814353114886551486 93473831996861293425 47892714114401800017 16859459704689801362 68927803389975850584 33648572390638673521 03121648649151295111 61783061571885125487 91712200050408789091 
BIL008-202082692 6e0b431d9adc9d203558adace2a20db13b915427e8c095b990afc17de2a904e171a65e10c6abdb47ea942cdde9bcb76b 47597147314290392795 77576425633310697235 79171435168250287258 42105541594143456954 73803244818152575578 69749680375720874378 70066576231410600546 38483344571752611198 04683161047955205818 74454828475555250783 64030729278582945754 37966489442024248804 05839471246653197536 22123359082065216283 22223098219698100580 40818178105163676938 55078066601566935881 31001458698066810317 16211852561957984184 04216919379099790783 
BIL008-202076494 44d55c9267b3c22b775d9154268c8aece37db6d945ff65f112d8af1d597395839979e053df3fa306ea28c9c1bba7451d 00202037654737761466 15271048912329020492 16384598236320067309 33716982888607749264 96768643767065696464 98443878900839855334 76342374146990243889 93405633157615968916 18673396383951616380 31675403640703212073 30525353611734579574 73625360869817225314 99074709710920103781 47105220140908530315 92265395286661154546 52268627304066613447 73468495967470390324 98045229707832026918 60389247120330717478 67394968277958023512 
BIL008-202091000 cac47c57db268758e65ce39289d402d6d42bf13dd5b3f294dd6687547136da08b4ed084c2553ef3a899f151b2fdffabe 43130136548630184054 29712100452688807622 61789482977186976440 65285621709215148721 52646582477967564475 37530489671465570372 47570052376360346410 75518806018796184913 13884653135131032760 62348461716986229843 61364445004263705502 54645480182340269560 98276233960275389221 40167652813050501260 70338560172016222075 73653698864141576890 21051919935491486199 27807493949509338552 94612893068837133189 91372998612798975605 
BIL008-202053755 0163f7de1bd94f6bc177db3acd1bf0d1f539888282e7366fe88949dde23361d1db3f99a8c613badf409553cda219380e 39732309009797836039 38807356502944851696 24739047106695302919 76180566350487770246 91963171600187465524 16343322188871282240 69511305325681790308 62932095229017763954 48773960449502631811 17349570466385344779 81634037736201613905 81398042503366488900 62772065316217853500 60954033376398426094 30156020624808322076 23757848941546574562 60038536686974018500 72698601251174908919 19463030984662136571 25756404486727361819 
BIL008-202010808 ec9ee06322bf231563a219c33a79b643df0612ebc16f3291cb185f431d91903f692d74c38ad5c6a5579f31d8dc25e770 34693983170821847679 86336863318153509097 42769183138120080991 05658156720820384798 78339861387468158297 69425064559156717702 20637755983002853804 10575708055638659713 05103915382623049634 35334434309270131141 64643155789746850235 40582426372677369181 52699853935483630550 15797977403954728027 42543134313242392948 87791914448569608406 28721996152788834171 27736368018591345530 55819442887640172577 67899115326820556238 
BIL008-202075304 aac254cb3778e50807ce9215572715884a97d2bd0defb5a6e87595faea776ab982d9f04863d968caa75785f501bbe04b 86691027834220352166 83306236956820906837 97115779146870891854 11666702593807713967 22818727499886174564 66335129686506728615 02527214745546965599 53919253575267986867 49788183418518102528 69664519633916870197 38336548028086953721 22876625769099442293 79729654362661839565 21041226906617130194 65764682890757342387 50528815669146381961 29175616381606256634 13126839513764651782 77840942437358527008 11575285136723532997 
